20 20
76 14 11 3 7
76 14 9 3 7
76 17 15 3 7
76 18 6 3 7
87 16 14 9 5
87 13 4 9 5
87 4 10 9 5
87 4 1 9 5
67 10 8 5 4 0 5
79 2 11 4 4
79 13 14 4 4
65 13 9 4 4
65 15 5 4 4
79 1 14 4 4
90 17 17 2 1
90 1 2 2 1
90 6 19 2 1
90 8 16 2 1
84 9 4 0 0
84 4 11 0 0
84 6 1 0 0
77 19 19 0 0
77 5 12 0 0
77 19 18 0 0
77 9 19 0 0
71 2 16 0 0
71 1 17 0 0
71 19 7 0 0
71 19 15 0 0
71 1 0 0 0
74 9 2 99 0
74 6 0 99 0
74 17 3 99 0
74 5 3 99 0
74 0 10 99 0
66 18 10 10 0
66 7 18 10 0
66 12 16 10 0
66 0 7 10 0
66 7 3 10 0
84 9 1 0 0
84 2 18 0 0
77 18 19 0 0
84 10 1 0 0
84 8 4 0 0
74 6 3 99 0
66 7 4 10 0
77 17 19 0 0
84 8 5 0 0
84 9 3 0 0
77 18 18 0 0
74 5 0 99 0
66 1 7 10 0
74 16 3 99 0
74 5 2 99 0
75