20 20
76 3 8 3 7
76 8 1 3 7
76 5 14 3 7
76 10 10 3 7
87 19 18 9 5
87 0 1 9 5
87 6 16 9 5
87 3 11 9 5
87 9 9 9 5
67 4 4 10 4 2 3
79 5 11 4 4
79 2 11 4 4
79 8 16 4 4
79 19 7 4 4
65 1 16 4 4
65 19 1 4 4
65 10 14 4 4
65 16 2 4 4
90 10 4 2 1
90 2 18 2 1
90 7 10 2 1
90 14 14 2 1
84 6 0 0 0
84 3 19 0 0
84 17 17 0 0
84 11 2 0 0
84 8 4 0 0
77 10 5 0 0
77 8 10 0 0
77 6 8 0 0
77 0 7 0 0
77 0 0 0 0
71 3 13 0 0
71 15 1 0 0
71 17 8 0 0
71 11 4 0 0
74 5 7 99 0
74 8 5 99 0
74 13 16 99 0
74 15 15 99 0
74 5 12 99 0
66 12 3 10 0
66 16 7 10 0
66 6 19 10 0
66 12 17 10 0
66 18 11 10 0
84 17 16 0 0
84 6 1 0 0
77 11 5 0 0
71 4 13 0 0
66 7 19 10 0
77 0 8 0 0
77 0 6 0 0
75